[gd_scene load_steps=10 format=3 uid="uid://dixhhv1bgajy0"]

[ext_resource type="Environment" uid="uid://tv3hyeebwrbl" path="res://entities/environment/golf_course_world_environment.tres" id="1_onwgf"]
[ext_resource type="Material" uid="uid://gnoi7qwmsv7q" path="res://entities/environment/water_material.tres" id="2_lfi1o"]
[ext_resource type="PackedScene" uid="uid://dbssg6p52li32" path="res://entities/terrain/terrain.tscn" id="2_ucwcg"]
[ext_resource type="PackedScene" uid="uid://75rvfsq67s7b" path="res://entities/environment/palm_tree.tscn" id="6_7ctve"]
[ext_resource type="PackedScene" uid="uid://c7c7cr6gjg8ua" path="res://entities/environment/oak_tree.tscn" id="7_t6kx5"]

[sub_resource type="BoxMesh" id="BoxMesh_hwxfc"]
size = Vector3(120, 20, 40)

[sub_resource type="PlaneMesh" id="PlaneMesh_cj3i1"]
material = ExtResource("2_lfi1o")
size = Vector2(4000, 4000)
center_offset = Vector3(500, 0, 500)

[sub_resource type="PlaneMesh" id="PlaneMesh_rvmyo"]
material = ExtResource("2_lfi1o")
size = Vector2(50, 50)

[sub_resource type="CylinderShape3D" id="CylinderShape3D_aawpb"]
height = 40.0
radius = 22.0

[node name="GolfCourse" type="Node3D"]

[node name="WorldEnvironment" type="WorldEnvironment" parent="."]
environment = ExtResource("1_onwgf")

[node name="DirectionalLight3D" type="DirectionalLight3D" parent="."]
transform = Transform3D(-0.866025, -0.433013, 0.25, 0, 0.5, 0.866025, -0.5, 0.75, -0.433013, 0, 0, 0)
shadow_enabled = true

[node name="Terrain" parent="." instance=ExtResource("2_ucwcg")]

[node name="FallbackCamera3D" type="Camera3D" parent="."]
transform = Transform3D(0.729184, 0.060832, 0.681609, 0, 0.996041, -0.0888943, -0.684318, 0.0648203, 0.726297, 554.577, -1.725, 566.86)
fov = 50.0

[node name="ClubHouse" type="Node3D" parent="."]

[node name="MeshInstance3D" type="MeshInstance3D" parent="ClubHouse"]
transform = Transform3D(0.736522, 0, 0.676413, 0, 1, 0, -0.676413, 0, 0.736522, 290.589, 9.08958, 325.119)
mesh = SubResource("BoxMesh_hwxfc")

[node name="Ocean" type="Node3D" parent="."]
transform = Transform3D(1, 0, 0, 0, 1, 0, 0, 0, 1, 0, -40, 0)

[node name="MeshInstance3D" type="MeshInstance3D" parent="Ocean"]
mesh = SubResource("PlaneMesh_cj3i1")

[node name="Hole01" type="Node3D" parent="."]
transform = Transform3D(1, 0, 0, 0, 1, 0, 0, 0, 1, 512.304, -1.90735e-06, 516.943)

[node name="Pond" type="Node3D" parent="Hole01"]
transform = Transform3D(1, 0, 0, 0, 1, 0, 0, 0, 1, -6.785, -6.5, -8.478)

[node name="MeshInstance3D" type="MeshInstance3D" parent="Hole01/Pond"]
transform = Transform3D(1, 0, 0, 0, 1, 0, 0, 0, 1, -2.82184, 0, 0)
mesh = SubResource("PlaneMesh_rvmyo")

[node name="StaticBody3D" type="StaticBody3D" parent="Hole01/Pond"]

[node name="CollisionShape3D" type="CollisionShape3D" parent="Hole01/Pond/StaticBody3D"]
transform = Transform3D(1, 0, 0, 0, 1, 0, 0, 0, 1, -6.0166, 0, -1.07825)
shape = SubResource("CylinderShape3D_aawpb")

[node name="Trees" type="Node3D" parent="Hole01"]

[node name="PalmTree" parent="Hole01/Trees" instance=ExtResource("6_7ctve")]
transform = Transform3D(1, 0, 0, 0, 1, 0, 0, 0, 1, 45.89, -3.05763, 74.3802)

[node name="PalmTree2" parent="Hole01/Trees" instance=ExtResource("6_7ctve")]
transform = Transform3D(0.603152, 0, 0.797626, -0.084496, 0.994373, 0.0638945, -0.793138, -0.105934, 0.599759, 42.9161, -3.13448, 79.9261)

[node name="PalmTree3" parent="Hole01/Trees" instance=ExtResource("6_7ctve")]
transform = Transform3D(-0.88186, -0.110102, 0.458477, -0.0677153, 0.991849, 0.107942, -0.466624, 0.0641439, -0.882127, 38.4835, -4.03969, 80.9162)

[node name="PalmTree4" parent="Hole01/Trees" instance=ExtResource("6_7ctve")]
transform = Transform3D(-0.787755, -0.118361, 0.604511, -0.0666506, 0.991983, 0.107373, -0.612373, 0.0442927, -0.789328, 14.6087, -6.24586, 70.1333)

[node name="PalmTree5" parent="Hole01/Trees" instance=ExtResource("6_7ctve")]
transform = Transform3D(-0.911966, -0.0599604, -0.40586, -0.0826716, 0.995828, 0.0386425, 0.40185, 0.0687937, -0.913118, 10.043, -6.24586, 66.2043)

[node name="OakTree" parent="Hole01/Trees" instance=ExtResource("7_t6kx5")]
transform = Transform3D(0.384617, 0, 1.03057, 0, 1.1, 0, -1.03057, 0, 0.384617, 51.7821, -2.99292, -1.96497)

[node name="OakTree2" parent="Hole01/Trees" instance=ExtResource("7_t6kx5")]
transform = Transform3D(-0.397917, -0.14237, 0.906308, -0.0572343, 0.989814, 0.130359, -0.915635, 0, -0.402012, 48.4566, -2.75123, 7.77759)

[node name="OakTree3" parent="Hole01/Trees" instance=ExtResource("7_t6kx5")]
transform = Transform3D(-0.74167, -0.115562, 0.660735, -0.112753, 0.99251, 0.0470245, -0.661221, -0.0396236, -0.749144, 47.4125, -2.02929, 16.5463)

[node name="OakTree4" parent="Hole01/Trees" instance=ExtResource("7_t6kx5")]
transform = Transform3D(0.881221, 0, 0.472705, 0, 1, 0, -0.472705, 0, 0.881221, 53.2753, -0.551824, 21.955)

[node name="OakTree5" parent="Hole01/Trees" instance=ExtResource("7_t6kx5")]
transform = Transform3D(0.533954, 0, -0.845514, -0.158999, 0.982159, -0.10041, 0.830429, 0.18805, 0.524428, 46.2482, -2.57795, 25.3049)

[node name="OakTree6" parent="Hole01/Trees" instance=ExtResource("7_t6kx5")]
transform = Transform3D(0.796868, -0.10713, -0.594579, 0.0751212, 0.994085, -0.0784332, 0.599465, 0.0178354, 0.800203, 52.4432, -1.93679, 36.6321)

[node name="OakTree7" parent="Hole01/Trees" instance=ExtResource("7_t6kx5")]
transform = Transform3D(0.704956, 0, 0.709251, 0, 1, 0, -0.709251, 0, 0.704956, 52.2055, -2.61462, 50.8704)

[node name="OakTree8" parent="Hole01/Trees" instance=ExtResource("7_t6kx5")]
transform = Transform3D(-0.635351, 0, 0.772224, -0.0233535, 0.999543, -0.0192142, -0.77187, -0.0302419, -0.63506, 43.9865, -4.58071, 38.2152)
