[gd_scene load_steps=10 format=3 uid="uid://dixhhv1bgajy0"]

[ext_resource type="Environment" uid="uid://tv3hyeebwrbl" path="res://entities/environment/golf_course_world_environment.tres" id="1_onwgf"]
[ext_resource type="Material" uid="uid://gnoi7qwmsv7q" path="res://entities/environment/water_material.tres" id="2_lfi1o"]
[ext_resource type="PackedScene" uid="uid://dbssg6p52li32" path="res://entities/terrain/terrain.tscn" id="2_ucwcg"]
[ext_resource type="PackedScene" uid="uid://75rvfsq67s7b" path="res://entities/environment/palm_tree.tscn" id="6_7ctve"]
[ext_resource type="PackedScene" uid="uid://c7c7cr6gjg8ua" path="res://entities/environment/oak_tree.tscn" id="7_t6kx5"]

[sub_resource type="BoxMesh" id="BoxMesh_hwxfc"]
size = Vector3(120, 20, 40)

[sub_resource type="PlaneMesh" id="PlaneMesh_cj3i1"]
material = ExtResource("2_lfi1o")
size = Vector2(4000, 4000)
center_offset = Vector3(500, 0, 500)

[sub_resource type="PlaneMesh" id="PlaneMesh_rvmyo"]
material = ExtResource("2_lfi1o")
size = Vector2(50, 50)

[sub_resource type="CylinderShape3D" id="CylinderShape3D_aawpb"]
height = 40.0
radius = 22.0

[node name="GolfCourse" type="Node3D"]

[node name="WorldEnvironment" type="WorldEnvironment" parent="."]
environment = ExtResource("1_onwgf")

[node name="DirectionalLight3D" type="DirectionalLight3D" parent="."]
transform = Transform3D(-0.866025, -0.433013, 0.25, 0, 0.5, 0.866025, -0.5, 0.75, -0.433013, 0, 0, 0)
shadow_enabled = true

[node name="Terrain" parent="." instance=ExtResource("2_ucwcg")]

[node name="FallbackCamera3D" type="Camera3D" parent="."]
transform = Transform3D(0.729184, 0.060832, 0.681609, 0, 0.996041, -0.0888943, -0.684318, 0.0648203, 0.726297, 554.577, -1.725, 566.86)
fov = 50.0

[node name="ClubHouse" type="Node3D" parent="."]

[node name="MeshInstance3D" type="MeshInstance3D" parent="ClubHouse"]
transform = Transform3D(0.736522, 0, 0.676413, 0, 1, 0, -0.676413, 0, 0.736522, 290.589, 9.08958, 325.119)
mesh = SubResource("BoxMesh_hwxfc")

[node name="Ocean" type="Node3D" parent="."]
transform = Transform3D(1, 0, 0, 0, 1, 0, 0, 0, 1, 0, -40, 0)

[node name="MeshInstance3D" type="MeshInstance3D" parent="Ocean"]
mesh = SubResource("PlaneMesh_cj3i1")

[node name="Hole01" type="Node3D" parent="."]
transform = Transform3D(1, 0, 0, 0, 1, 0, 0, 0, 1, 512.304, -1.90735e-06, 516.943)

[node name="Pond" type="Node3D" parent="Hole01"]
transform = Transform3D(1, 0, 0, 0, 1, 0, 0, 0, 1, -6.785, -6.5, -8.478)

[node name="MeshInstance3D" type="MeshInstance3D" parent="Hole01/Pond"]
transform = Transform3D(1, 0, 0, 0, 1, 0, 0, 0, 1, -2.82184, 0, 0)
mesh = SubResource("PlaneMesh_rvmyo")

[node name="StaticBody3D" type="StaticBody3D" parent="Hole01/Pond"]

[node name="CollisionShape3D" type="CollisionShape3D" parent="Hole01/Pond/StaticBody3D"]
transform = Transform3D(1, 0, 0, 0, 1, 0, 0, 0, 1, -6.0166, 0, -1.07825)
shape = SubResource("CylinderShape3D_aawpb")

[node name="Trees" type="Node3D" parent="Hole01"]

[node name="PalmTree" parent="Hole01/Trees" instance=ExtResource("6_7ctve")]
transform = Transform3D(1, 0, 0, 0, 1, 0, 0, 0, 1, 45.89, -3.05763, 74.3802)

[node name="PalmTree2" parent="Hole01/Trees" instance=ExtResource("6_7ctve")]
transform = Transform3D(0.603152, 0, 0.797626, -0.084496, 0.994373, 0.0638945, -0.793138, -0.105934, 0.599759, 42.9161, -3.13448, 79.9261)

[node name="PalmTree3" parent="Hole01/Trees" instance=ExtResource("6_7ctve")]
transform = Transform3D(-0.88186, -0.110102, 0.458477, -0.0677153, 0.991849, 0.107942, -0.466624, 0.0641439, -0.882127, 38.4835, -4.03969, 80.9162)

[node name="PalmTree4" parent="Hole01/Trees" instance=ExtResource("6_7ctve")]
transform = Transform3D(-0.787755, -0.118361, 0.604511, -0.0666506, 0.991983, 0.107373, -0.612373, 0.0442927, -0.789328, 14.6087, -6.24586, 70.1333)

[node name="PalmTree5" parent="Hole01/Trees" instance=ExtResource("6_7ctve")]
transform = Transform3D(-0.911966, -0.0599604, -0.40586, -0.0826716, 0.995828, 0.0386425, 0.40185, 0.0687937, -0.913118, 10.043, -6.24586, 66.2043)

[node name="OakTree" parent="Hole01/Trees" instance=ExtResource("7_t6kx5")]
transform = Transform3D(0.384617, 0, 1.03057, 0, 1.1, 0, -1.03057, 0, 0.384617, 51.7821, -2.99292, -1.96497)

[node name="OakTree10" parent="Hole01/Trees" instance=ExtResource("7_t6kx5")]
transform = Transform3D(0.426922, 0, 1.01378, 0, 1.1, 0, -1.01378, 0, 0.426922, 54.1975, -3.28474, -16.9666)

[node name="OakTree28" parent="Hole01/Trees" instance=ExtResource("7_t6kx5")]
transform = Transform3D(1.09541, 0, 0.100442, 0, 1.1, 0, -0.100442, 0, 1.09541, 44.5598, -5.15554, -12.6023)

[node name="OakTree11" parent="Hole01/Trees" instance=ExtResource("7_t6kx5")]
transform = Transform3D(-0.447938, 0, 1.00467, 0, 1.1, 0, -1.00467, 0, -0.447938, 44.7297, -5.06987, -25.4782)

[node name="OakTree12" parent="Hole01/Trees" instance=ExtResource("7_t6kx5")]
transform = Transform3D(1.07067, 0, 0.252346, 0, 1.1, 0, -0.252346, 0, 1.07067, 54.4176, -4.51179, -44.6024)

[node name="OakTree13" parent="Hole01/Trees" instance=ExtResource("7_t6kx5")]
transform = Transform3D(-0.391712, 0, -1.02789, 0, 1.1, 0, 1.02789, 0, -0.391712, 39.8148, -4.92669, -52.1967)

[node name="OakTree24" parent="Hole01/Trees" instance=ExtResource("7_t6kx5")]
transform = Transform3D(-0.391712, 0, -1.02789, 0, 1.1, 0, 1.02789, 0, -0.391712, 45.3295, -5.26901, -40.6728)

[node name="OakTree29" parent="Hole01/Trees" instance=ExtResource("7_t6kx5")]
transform = Transform3D(-0.391712, 0, -1.02789, 0, 1.1, 0, 1.02789, 0, -0.391712, 52.0859, -4.97331, -32.8406)

[node name="OakTree14" parent="Hole01/Trees" instance=ExtResource("7_t6kx5")]
transform = Transform3D(-0.924648, -0.0649495, 0.592292, -0.076386, 1.09734, 0.00108393, -0.590926, -0.0402186, -0.926926, 35.0907, -5.1702, -67.3499)

[node name="OakTree15" parent="Hole01/Trees" instance=ExtResource("7_t6kx5")]
transform = Transform3D(1.09776, 0.0701617, 0, -0.0698735, 1.09325, 0.0996195, 0.00635406, -0.0994165, 1.09548, 47.3961, -3.34023, -60.5747)

[node name="OakTree30" parent="Hole01/Trees" instance=ExtResource("7_t6kx5")]
transform = Transform3D(0.279726, 0.114257, -1.05769, -0.0698735, 1.09325, 0.0996195, 1.06154, 0.0418527, 0.285267, 47.3961, -4.00395, -52.3218)

[node name="OakTree16" parent="Hole01/Trees" instance=ExtResource("7_t6kx5")]
transform = Transform3D(0.355329, -0.0535579, -1.03965, -0.0493478, 1.09644, -0.0733495, 1.03986, 0.0703341, 0.351777, 26.0444, -4.86802, -82.7256)

[node name="OakTree32" parent="Hole01/Trees" instance=ExtResource("7_t6kx5")]
transform = Transform3D(0.355329, -0.0535579, -1.03965, -0.0493478, 1.09644, -0.0733495, 1.03986, 0.0703341, 0.351777, 36.487, -5.22752, -78.8883)

[node name="OakTree17" parent="Hole01/Trees" instance=ExtResource("7_t6kx5")]
transform = Transform3D(0.60975, -0.0359056, -0.914833, 0.0404277, 1.09914, -0.0161937, 0.914645, -0.0246459, 0.610591, 10.3469, -5.10964, -86.1102)

[node name="OakTree18" parent="Hole01/Trees" instance=ExtResource("7_t6kx5")]
transform = Transform3D(-0.614078, 0, -0.91264, -0.011962, 1.09991, 0.00804875, 0.912562, 0.0144178, -0.614025, -5.6275, -5.67857, -83.074)

[node name="OakTree19" parent="Hole01/Trees" instance=ExtResource("7_t6kx5")]
transform = Transform3D(-0.614078, 0, -0.91264, -0.011962, 1.09991, 0.00804875, 0.912562, 0.0144178, -0.614025, 44.0193, -5.57366, -79.6147)

[node name="OakTree31" parent="Hole01/Trees" instance=ExtResource("7_t6kx5")]
transform = Transform3D(-1.06486, -0.00956386, -0.275639, -0.011962, 1.09991, 0.00804875, 0.275546, 0.0107891, -1.06488, 43.4433, -3.96353, -66.1068)

[node name="OakTree20" parent="Hole01/Trees" instance=ExtResource("7_t6kx5")]
transform = Transform3D(-0.614078, 0, -0.91264, -0.011962, 1.09991, 0.00804875, 0.912562, 0.0144178, -0.614025, 21.5593, -5.96477, -100.662)

[node name="OakTree33" parent="Hole01/Trees" instance=ExtResource("7_t6kx5")]
transform = Transform3D(-0.96768, 0.140589, 0.503819, 0.0806082, 1.08695, -0.148487, -0.516818, -0.0937049, -0.9665, 26.7916, -5.13946, -90.1453)

[node name="OakTree21" parent="Hole01/Trees" instance=ExtResource("7_t6kx5")]
transform = Transform3D(-0.851465, 0.0931976, -0.690164, 0.0449188, 1.09519, 0.0924739, 0.694978, 0.0433971, -0.851543, -19.2768, -2.12832, -90.1263)

[node name="OakTree37" parent="Hole01/Trees" instance=ExtResource("7_t6kx5")]
transform = Transform3D(-0.424819, 0.102658, -1.00945, 0.0449188, 1.09519, 0.0924739, 1.01366, -0.00550793, -0.427151, -9.19037, -5.10519, -93.2272)

[node name="OakTree23" parent="Hole01/Trees" instance=ExtResource("7_t6kx5")]
transform = Transform3D(-0.855409, -0.0567644, -0.689243, -0.0294723, 1.09828, -0.0538749, 0.690948, -0.0234286, -0.855596, -7.64597, -5.5992, -66.3292)

[node name="OakTree25" parent="Hole01/Trees" instance=ExtResource("7_t6kx5")]
transform = Transform3D(-0.85651, 0.0108689, 0.690127, -0.0294723, 1.09828, -0.0538749, -0.689583, -0.0604398, -0.854883, -28.5443, -0.248955, -53.11)

[node name="OakTree38" parent="Hole01/Trees" instance=ExtResource("7_t6kx5")]
transform = Transform3D(-1.03958, 0.236121, 0.271146, 0.212685, 1.0727, -0.118694, -0.289894, -0.059748, -1.05943, -17.3636, -3.73854, -81.6442)

[node name="OakTree26" parent="Hole01/Trees" instance=ExtResource("7_t6kx5")]
transform = Transform3D(-0.85651, 0.0108689, 0.690127, -0.0294723, 1.09828, -0.0538749, -0.689583, -0.0604398, -0.854883, -18.9636, -0.248955, -48.5619)

[node name="OakTree43" parent="Hole01/Trees" instance=ExtResource("7_t6kx5")]
transform = Transform3D(0.00951546, 0.0541468, 1.09863, -0.0294723, 1.09828, -0.0538749, -1.09957, -0.0289693, 0.010951, -18.9636, 0.0105716, -37.0691)

[node name="OakTree44" parent="Hole01/Trees" instance=ExtResource("7_t6kx5")]
transform = Transform3D(0.845262, 0.0570994, 0.701624, -0.0294723, 1.09828, -0.0538749, -0.703326, 0.0225999, 0.845473, -28.9222, 0.103689, -31.6652)

[node name="OakTree50" parent="Hole01/Trees" instance=ExtResource("7_t6kx5")]
transform = Transform3D(0.707428, 0.0601981, 0.840193, 0.095691, 1.08434, -0.158261, -0.836894, 0.17487, 0.692121, -20.0181, -0.710898, -30.0968)

[node name="OakTree45" parent="Hole01/Trees" instance=ExtResource("7_t6kx5")]
transform = Transform3D(1.09891, 0.0430658, 0.0234869, -0.0423607, 1.0987, -0.0326202, -0.024736, 0.0316831, 1.09927, -30.4172, -0.665573, -20.776)

[node name="OakTree52" parent="Hole01/Trees" instance=ExtResource("7_t6kx5")]
transform = Transform3D(0.703484, 0.0430658, -0.844546, -0.0519144, 1.0987, 0.0127827, 0.844049, 0.0316831, 0.704685, -41.3917, 0.0837979, -26.4304)

[node name="OakTree47" parent="Hole01/Trees" instance=ExtResource("7_t6kx5")]
transform = Transform3D(1.09891, 0.0430658, 0.0234869, -0.0423607, 1.0987, -0.0326202, -0.024736, 0.0316831, 1.09927, -37.8613, 0.0152491, -15.2249)

[node name="OakTree48" parent="Hole01/Trees" instance=ExtResource("7_t6kx5")]
transform = Transform3D(-0.238191, 0.141395, -1.06455, -0.002999, 1.09033, 0.14549, 1.0739, 0.0344061, -0.235712, -34.6035, -0.750189, -5.56866)

[node name="OakTree49" parent="Hole01/Trees" instance=ExtResource("7_t6kx5")]
transform = Transform3D(-0.152208, 0.166577, 1.07661, -0.0995233, 1.08039, -0.181233, -1.08486, -0.122484, -0.134424, -31.1881, -1.0617, 2.68372)

[node name="OakTree51" parent="Hole01/Trees" instance=ExtResource("7_t6kx5")]
transform = Transform3D(1.1, 0, 0, 0, 1.1, 0, 0, 0, 1.1, -36.5195, -0.0817214, 2.68372)

[node name="OakTree53" parent="Hole01/Trees" instance=ExtResource("7_t6kx5")]
transform = Transform3D(0.57139, 0, -0.939956, 0, 1.1, 0, 0.939956, 0, 0.57139, -36.5195, 0.0998121, 11.7487)

[node name="OakTree55" parent="Hole01/Trees" instance=ExtResource("7_t6kx5")]
transform = Transform3D(0.57139, 0, -0.939956, 0, 1.1, 0, 0.939956, 0, 0.57139, -27.9998, -0.415793, 15.8898)

[node name="OakTree57" parent="Hole01/Trees" instance=ExtResource("7_t6kx5")]
transform = Transform3D(-0.221092, 0, -1.07755, 0, 1.1, 0, 1.07755, 0, -0.221092, -30.6039, -0.0502466, 27.4318)

[node name="OakTree64" parent="Hole01/Trees" instance=ExtResource("7_t6kx5")]
transform = Transform3D(-0.795398, 0, -0.759833, 0, 1.1, 0, 0.759833, 0, -0.795397, -35.6628, -0.0502466, 42.7495)

[node name="OakTree65" parent="Hole01/Trees" instance=ExtResource("7_t6kx5")]
transform = Transform3D(-1.06523, 0.126445, -0.243498, 0.117528, 1.09241, 0.0531213, 0.247925, 0.0254261, -1.0714, -38.3174, -1.10887, 59.3257)

[node name="OakTree56" parent="Hole01/Trees" instance=ExtResource("7_t6kx5")]
transform = Transform3D(-0.370823, 0.162666, -1.02276, -3.72529e-09, 1.08635, 0.17278, 1.03561, 0.058246, -0.36622, -19.3176, -4.69003, 24.8113)

[node name="OakTree60" parent="Hole01/Trees" instance=ExtResource("7_t6kx5")]
transform = Transform3D(0.995042, 0, 0.468931, 0, 1.1, 0, -0.468931, 0, 0.995041, -18.935, -5.51338, 38.003)

[node name="OakTree61" parent="Hole01/Trees" instance=ExtResource("7_t6kx5")]
transform = Transform3D(0.825213, 0, -0.727343, 0, 1.1, 0, 0.727344, 0, 0.825212, -18.6007, -5.72734, 48.7671)

[node name="OakTree62" parent="Hole01/Trees" instance=ExtResource("7_t6kx5")]
transform = Transform3D(-1.01522, 0, -0.423487, 0, 1.1, 0, 0.423488, 0, -1.01522, -15.9786, -5.79587, 55.0529)

[node name="OakTree63" parent="Hole01/Trees" instance=ExtResource("7_t6kx5")]
transform = Transform3D(-0.586441, 0, 0.93064, 0, 1.1, 0, -0.93064, 0, -0.586441, -26.0422, -5.8107, 59.2509)

[node name="OakTree66" parent="Hole01/Trees" instance=ExtResource("7_t6kx5")]
transform = Transform3D(0.762052, 0, 0.793272, 0, 1.1, 0, -0.793273, 0, 0.762051, -17.1539, -5.93314, 73.356)

[node name="OakTree67" parent="Hole01/Trees" instance=ExtResource("7_t6kx5")]
transform = Transform3D(1.00877, 0, -0.438625, 0, 1.1, 0, 0.438625, 0, 1.00877, -10.2444, -5.99889, 66.1635)

[node name="OakTree68" parent="Hole01/Trees" instance=ExtResource("7_t6kx5")]
transform = Transform3D(-0.105068, 0, -1.09497, 0, 1.1, 0, 1.09497, 0, -0.105068, -8.32809, -5.99889, 81.9363)

[node name="OakTree70" parent="Hole01/Trees" instance=ExtResource("7_t6kx5")]
transform = Transform3D(0.498894, 0, -0.980361, 0, 1.1, 0, 0.980362, 0, 0.498894, 2.45819, -5.99889, 75.1969)

[node name="OakTree54" parent="Hole01/Trees" instance=ExtResource("7_t6kx5")]
transform = Transform3D(-0.237634, 0, -1.07403, 0, 1.1, 0, 1.07403, 0, -0.237634, -43.8511, -0.0827316, -4.53247)

[node name="OakTree46" parent="Hole01/Trees" instance=ExtResource("7_t6kx5")]
transform = Transform3D(1.09891, 0.0430658, 0.0234869, -0.0423607, 1.0987, -0.0326202, -0.024736, 0.0316831, 1.09927, -30.4172, 0.121831, -44.1234)

[node name="OakTree40" parent="Hole01/Trees" instance=ExtResource("7_t6kx5")]
transform = Transform3D(-0.954086, 0.133392, -0.530971, 0.132657, 1.09138, 0.0358136, 0.531155, -0.0329704, -0.9627, -9.24585, -2.25952, -39.4781)

[node name="OakTree41" parent="Hole01/Trees" instance=ExtResource("7_t6kx5")]
transform = Transform3D(0.333316, 0.125001, 1.04081, -0.0363617, 1.09287, -0.119609, -1.04765, 0.00183839, 0.335289, -10.1501, -2.2181, -49.2737)

[node name="OakTree42" parent="Hole01/Trees" instance=ExtResource("7_t6kx5")]
transform = Transform3D(-0.943595, 0.0916491, 0.557881, 0.0925415, 1.09585, -0.0235034, -0.557733, 0.0267722, -0.947744, -3.49411, -4.76079, -45.367)

[node name="OakTree39" parent="Hole01/Trees" instance=ExtResource("7_t6kx5")]
transform = Transform3D(-0.854764, 0.128011, 0.680436, -0.03257, 1.07241, -0.242666, -0.691607, -0.208713, -0.829531, -14.8832, -2.19029, -59.0708)

[node name="OakTree27" parent="Hole01/Trees" instance=ExtResource("7_t6kx5")]
transform = Transform3D(-0.0806544, 0.334785, 1.04471, -0.00885971, 1.04729, -0.336298, -1.097, -0.0330724, -0.0740939, -19.6637, -1.90496, -69.1147)

[node name="OakTree22" parent="Hole01/Trees" instance=ExtResource("7_t6kx5")]
transform = Transform3D(-0.928183, 0.0358149, 0.589234, 0.0849014, 1.09466, 0.0672038, -0.584185, 0.102185, -0.926439, 3.05756, -6.17306, -103.807)

[node name="OakTree36" parent="Hole01/Trees" instance=ExtResource("7_t6kx5")]
transform = Transform3D(0.327077, -0.0543443, 1.04884, 0.0152789, 1.09866, 0.0521607, -1.05014, -0.000941295, 0.327432, 1.62653, -5.51833, -86.9612)

[node name="OakTree34" parent="Hole01/Trees" instance=ExtResource("7_t6kx5")]
transform = Transform3D(0.29046, -0.0874413, 1.05735, 0.0106454, 1.09644, 0.08775, -1.06091, -0.0129382, 0.290367, 12.4607, -5.67308, -96.7722)

[node name="OakTree35" parent="Hole01/Trees" instance=ExtResource("7_t6kx5")]
transform = Transform3D(0.289668, 0.043419, 1.06029, -0.0239324, 1.09907, -0.0384689, -1.06091, -0.0129382, 0.290367, 37.6546, -5.76933, -88.0955)

[node name="OakTree9" parent="Hole01/Trees" instance=ExtResource("7_t6kx5")]
transform = Transform3D(-0.404456, 0, 1.02295, 0, 1.1, 0, -1.02295, 0, -0.404456, 41.3416, -5.16392, -1.96497)

[node name="OakTree2" parent="Hole01/Trees" instance=ExtResource("7_t6kx5")]
transform = Transform3D(-0.397917, -0.14237, 0.906308, -0.0572343, 0.989814, 0.130359, -0.915635, 0, -0.402012, 48.4566, -2.75123, 7.77759)

[node name="OakTree3" parent="Hole01/Trees" instance=ExtResource("7_t6kx5")]
transform = Transform3D(-0.74167, -0.115562, 0.660735, -0.112753, 0.99251, 0.0470245, -0.661221, -0.0396236, -0.749144, 47.4125, -2.02929, 16.5463)

[node name="OakTree4" parent="Hole01/Trees" instance=ExtResource("7_t6kx5")]
transform = Transform3D(0.881221, 0, 0.472705, 0, 1, 0, -0.472705, 0, 0.881221, 53.2753, -0.551824, 21.955)

[node name="OakTree5" parent="Hole01/Trees" instance=ExtResource("7_t6kx5")]
transform = Transform3D(0.533121, -0.117315, -0.837866, -0.0234827, 0.987906, -0.153265, 0.845713, 0.101384, 0.523919, 46.2482, -2.57795, 25.3049)

[node name="OakTree6" parent="Hole01/Trees" instance=ExtResource("7_t6kx5")]
transform = Transform3D(0.796868, -0.10713, -0.594579, 0.0751212, 0.994085, -0.0784332, 0.599465, 0.0178354, 0.800203, 52.4432, -1.93679, 36.6321)

[node name="OakTree7" parent="Hole01/Trees" instance=ExtResource("7_t6kx5")]
transform = Transform3D(0.704956, 0, 0.709251, 0, 1, 0, -0.709251, 0, 0.704956, 52.2055, -2.61462, 50.8704)

[node name="OakTree58" parent="Hole01/Trees" instance=ExtResource("7_t6kx5")]
transform = Transform3D(0.944561, -0.164322, -0.28426, 0.16017, 0.986359, -0.0379572, 0.286619, -0.00967708, 0.957996, 47.8013, -3.57395, 57.2327)

[node name="OakTree69" parent="Hole01/Trees" instance=ExtResource("7_t6kx5")]
transform = Transform3D(-0.414107, -0.164322, -0.895273, -0.0600771, 0.98636, -0.153251, 0.908243, -0.00967707, -0.418331, 48.2209, -2.67284, 65.6533)

[node name="OakTree8" parent="Hole01/Trees" instance=ExtResource("7_t6kx5")]
transform = Transform3D(-0.635351, 0, 0.772224, -0.0233535, 0.999543, -0.0192142, -0.77187, -0.0302419, -0.63506, 43.9865, -4.58071, 38.2152)

[node name="OakTree59" parent="Hole01/Trees" instance=ExtResource("7_t6kx5")]
transform = Transform3D(0.932782, -0.0998034, 0.346348, 0.0794456, 0.994198, 0.0725247, -0.351577, -0.0401339, 0.935299, 45.0142, -4.51049, 48.9036)
