[gd_scene load_steps=15 format=3 uid="uid://dixhhv1bgajy0"]

[ext_resource type="Material" uid="uid://gnoi7qwmsv7q" path="res://entities/environment/water_material.tres" id="2_lfi1o"]
[ext_resource type="PackedScene" uid="uid://dbssg6p52li32" path="res://entities/terrain/terrain.tscn" id="2_ucwcg"]
[ext_resource type="Script" path="res://entities/hole/hole.gd" id="3_exqrc"]
[ext_resource type="Resource" uid="uid://n3vyqaj6du0j" path="res://entities/teams/player_team.tres" id="4_ef75d"]
[ext_resource type="Resource" uid="uid://6gcjg525wbuu" path="res://entities/teams/garl_team.tres" id="5_1ohsd"]
[ext_resource type="PackedScene" uid="uid://75rvfsq67s7b" path="res://entities/environment/palm_tree.tscn" id="6_7ctve"]

[sub_resource type="ProceduralSkyMaterial" id="ProceduralSkyMaterial_en4cg"]
sky_horizon_color = Color(0.64625, 0.65575, 0.67075, 1)
ground_horizon_color = Color(0.64625, 0.65575, 0.67075, 1)

[sub_resource type="Sky" id="Sky_dt2yq"]
sky_material = SubResource("ProceduralSkyMaterial_en4cg")

[sub_resource type="Environment" id="Environment_7gkud"]
background_mode = 2
sky = SubResource("Sky_dt2yq")
tonemap_mode = 2
glow_enabled = true
fog_enabled = true
fog_light_color = Color(0.447059, 0.564706, 0.662745, 1)
fog_light_energy = 2.0
fog_density = 0.0002
fog_sky_affect = 0.0

[sub_resource type="BoxMesh" id="BoxMesh_hwxfc"]
size = Vector3(120, 20, 40)

[sub_resource type="PlaneMesh" id="PlaneMesh_cj3i1"]
material = ExtResource("2_lfi1o")
size = Vector2(4000, 4000)
center_offset = Vector3(500, 0, 500)

[sub_resource type="Curve3D" id="Curve3D_g5mua"]
_data = {
"points": PackedVector3Array(0.914339, 1.27717, -10.7188, 0, 0, 10.719, 8.642, 6, -100.675, -0.078, 0, -13.411, 0.078, 0, 13.411, 23.6963, 1.90735e-06, -21.9435, 1.47888, 0.873091, -11.6118, -1.47888, -0.873091, 11.6118, 18.4174, -1.41887, 13.1782, 0, 0, 0, -1.468, 0, 11.725, 22.6987, -5.40214, 45.508),
"tilts": PackedFloat32Array(0, -0.1, 0, 0)
}
point_count = 4

[sub_resource type="PlaneMesh" id="PlaneMesh_rvmyo"]
material = ExtResource("2_lfi1o")
size = Vector2(50, 50)

[sub_resource type="CylinderShape3D" id="CylinderShape3D_aawpb"]
height = 40.0
radius = 22.0

[node name="GolfCourse" type="Node3D"]

[node name="WorldEnvironment" type="WorldEnvironment" parent="."]
environment = SubResource("Environment_7gkud")

[node name="DirectionalLight3D" type="DirectionalLight3D" parent="."]
transform = Transform3D(-0.866025, -0.433013, 0.25, 0, 0.5, 0.866025, -0.5, 0.75, -0.433013, 0, 0, 0)
shadow_enabled = true

[node name="golf_terrain" parent="." instance=ExtResource("2_ucwcg")]

[node name="Camera3D" type="Camera3D" parent="."]
transform = Transform3D(0.939925, -0.123929, 0.318091, 9.31323e-09, 0.93178, 0.363024, -0.34138, -0.341215, 0.875803, 198.119, 26.3455, 675.408)
fov = 50.0

[node name="ClubHouse" type="Node3D" parent="."]

[node name="MeshInstance3D" type="MeshInstance3D" parent="ClubHouse"]
transform = Transform3D(0.736522, 0, 0.676413, 0, 1, 0, -0.676413, 0, 0.736522, 290.589, 9.08958, 325.119)
mesh = SubResource("BoxMesh_hwxfc")

[node name="Ocean" type="Node3D" parent="."]
transform = Transform3D(1, 0, 0, 0, 1, 0, 0, 0, 1, 0, -40, 0)

[node name="MeshInstance3D" type="MeshInstance3D" parent="Ocean"]
mesh = SubResource("PlaneMesh_cj3i1")

[node name="Hole01" type="Node3D" parent="." node_paths=PackedStringArray("camera_path_track")]
transform = Transform3D(1, 0, 0, 0, 1, 0, 0, 0, 1, 512.304, -1.90735e-06, 516.943)
script = ExtResource("3_exqrc")
test_player = ExtResource("4_ef75d")
test_rival = ExtResource("5_1ohsd")
camera_path_track = NodePath("HolePath3D/PathFollow3D")

[node name="TeeArea" type="Marker3D" parent="Hole01"]
transform = Transform3D(0.985482, 0, 0.16978, 0, 1, 0, -0.16978, 0, 0.985482, 12.1696, -4.20163, -61.0583)

[node name="Camera3D" type="Camera3D" parent="Hole01/TeeArea"]
transform = Transform3D(0.866025, 0.0695864, 0.495134, 0, 0.990268, -0.139173, -0.5, 0.120527, 0.857597, 4.4902, -0.767924, 7.77753)

[node name="GreenArea" type="Marker3D" parent="Hole01"]
transform = Transform3D(-0.992367, 0, -0.123324, 0, 1, 0, 0.123324, 0, -0.992367, 27.9291, -3.37651, 53.2966)

[node name="Camera3D" type="Camera3D" parent="Hole01/GreenArea"]
transform = Transform3D(0.795596, 0.109819, 0.59579, -0.0360206, 0.990268, -0.134431, -0.604755, 0.0854919, 0.791809, 5.36212, -1.20988, 7.12634)

[node name="HolePath3D" type="Path3D" parent="Hole01"]
transform = Transform3D(1, 0, 0, 0, 1, 0, 0, 0, 1, 0, 5.26087, 0)
curve = SubResource("Curve3D_g5mua")

[node name="PathFollow3D" type="PathFollow3D" parent="Hole01/HolePath3D"]
transform = Transform3D(-0.983077, -0.0110102, -0.182759, -0.0247695, 0.997004, 0.0731771, 0.181404, 0.0764669, -0.980425, 9.9322, 5.48329, -91.0706)
progress = 9.71623
loop = false

[node name="Camera3D" type="Camera3D" parent="Hole01/HolePath3D/PathFollow3D"]

[node name="Pond" type="Node3D" parent="Hole01"]
transform = Transform3D(1, 0, 0, 0, 1, 0, 0, 0, 1, -6.785, -6.5, -8.478)

[node name="MeshInstance3D" type="MeshInstance3D" parent="Hole01/Pond"]
transform = Transform3D(1, 0, 0, 0, 1, 0, 0, 0, 1, -2.82184, 0, 0)
mesh = SubResource("PlaneMesh_rvmyo")

[node name="StaticBody3D" type="StaticBody3D" parent="Hole01/Pond"]

[node name="CollisionShape3D" type="CollisionShape3D" parent="Hole01/Pond/StaticBody3D"]
transform = Transform3D(1, 0, 0, 0, 1, 0, 0, 0, 1, -6.0166, 0, -1.07825)
shape = SubResource("CylinderShape3D_aawpb")

[node name="PalmTree" parent="Hole01" instance=ExtResource("6_7ctve")]
transform = Transform3D(1, 0, 0, 0, 1, 0, 0, 0, 1, 45.89, -3.05763, 74.3802)

[node name="PalmTree2" parent="Hole01" instance=ExtResource("6_7ctve")]
transform = Transform3D(0.603152, 0, 0.797626, -0.084496, 0.994373, 0.0638945, -0.793138, -0.105934, 0.599759, 42.9161, -3.13448, 79.9261)

[node name="PalmTree3" parent="Hole01" instance=ExtResource("6_7ctve")]
transform = Transform3D(-0.88186, -0.110102, 0.458477, -0.0677153, 0.991849, 0.107942, -0.466624, 0.0641439, -0.882127, 38.4835, -4.03969, 80.9162)

[node name="PalmTree4" parent="Hole01" instance=ExtResource("6_7ctve")]
transform = Transform3D(-0.787755, -0.118361, 0.604511, -0.0666506, 0.991983, 0.107373, -0.612373, 0.0442927, -0.789328, 14.6087, -6.24586, 70.1333)

[node name="PalmTree5" parent="Hole01" instance=ExtResource("6_7ctve")]
transform = Transform3D(-0.911966, -0.0599604, -0.40586, -0.0826716, 0.995828, 0.0386425, 0.40185, 0.0687937, -0.913118, 10.043, -6.24586, 66.2043)
